"ID" "aggression" "size" "sex" "SIRE" "DAM" "forage" "fitness"
"401" 401 3.67530698464661 23.2547726747134 1 NA NA -0.149367734773683 1.26159484266145
"402" 402 9.89877060596576 17.2375429186065 1 NA NA -1.14433948730881 2.21029608045216
"403" 403 9.54962147401673 20.0321187019071 1 NA NA 0.453257618369048 2.44450578518619
"404" 404 5.1397610357204 24.3505468786841 1 NA NA 0.128279539520657 2.79656008995794
"405" 405 3.81978464511946 21.5417304094536 1 NA NA 0.031741671056854 2.10404866648494
"406" 406 3.368012520475 18.3679630432777 1 NA NA 0.545612036157531 3.37222113464734
"407" 407 7.78443039961406 19.7911484161598 1 NA NA -1.11824157900154 3.02963671077774
"408" 408 6.11575182415141 21.6669582995676 1 NA NA 0.0986634932775665 2.60550245276369
"409" 409 3.3033787197911 20.61437169864 1 NA NA -0.0802624448479597 2.23991947434951
"410" 410 6.24807359828236 22.7670741667774 1 NA NA 0.946709442036375 2.05428024747753
"411" 411 8.62566098060072 23.9565325524404 1 NA NA -0.851752414647633 2.40127477035855
"412" 412 7.99327185973985 21.7114737476671 1 NA NA -0.301961102579722 1.92729171885898
"413" 413 9.60893740614286 22.0281056430777 1 NA NA 0.15968981785514 2.72672579748103
"414" 414 2.33081274470603 19.3043667885652 1 NA NA 0.588081326770518 1.46328420440115
"415" 415 7.03791554390293 22.0312386338927 1 NA NA -0.0944184230788013 2.51599390573176
"416" 416 4.16404571624199 21.338299397119 1 NA NA 1.32095715374969 2.40166061315292
"417" 417 3.62271983651478 21.2099174817036 1 NA NA 0.342392987504822 1.26759439453444
"418" 418 4.35502218533236 19.048586287016 1 NA NA -0.365668346572497 2.31038991846981
"419" 419 6.07691675831589 15.9369342664441 1 NA NA -0.532344774402191 3.53588333798718
"420" 420 7.80084680164566 21.3777483423624 1 NA NA -2.40583249604263 2.98899431292494
"421" 421 6.88011996592047 20.0966929093605 1 NA NA -0.744192039970977 3.14910806875664
"422" 422 5.82022580230284 22.2370795188551 1 NA NA -0.271955516131782 1.75251010584223
"423" 423 5.84187409036275 24.3228376371583 1 NA NA -0.0483663624052848 1.57369760920515
"424" 424 2.47374700783269 22.1144979006821 1 NA NA 0.644562408832235 0.952421593301928
"425" 425 6.48406896510513 21.8605567774369 1 NA NA -0.422321485326612 2.59294073416303
"426" 426 5.3821204454433 21.3520774055118 1 NA NA 0.345572743140795 3.08876278718393
"427" 427 6.9054428432116 22.8811490415578 1 NA NA -0.0873339439185606 3.00464118564545
"428" 428 4.17654890725309 19.972386902876 1 NA NA 0.0876115307557676 2.68498194188558
"429" 429 7.31598052724808 20.9187219076168 1 NA NA -0.166329427722616 2.73757858941424
"430" 430 4.94394855039627 23.7433900975116 1 NA NA -1.80159880949747 2.15225363188435
"431" 431 5.1162426618543 19.2574187970644 1 NA NA 0.785687904133824 3.83568656822425
"432" 432 6.54449454750519 18.0250650940737 1 NA NA -0.342946354446974 3.08831511720327
"433" 433 8.18304106773983 24.1884256780036 1 NA NA -1.27724207394613 2.34658711916063
"434" 434 8.48956978395108 18.3147312918341 1 NA NA -0.156149011283109 3.25633371784651
"435" 435 8.18511121096224 20.4612036566173 1 NA NA -1.45912545203849 1.84403524367304
"436" 436 6.00685321588662 24.0007933427122 1 NA NA -1.01673314949917 2.1622554479748
"437" 437 5.21374877112647 18.7622844556219 1 NA NA -1.38151997518529 2.18851802159161
"438" 438 7.09076300197417 18.5592271138825 1 NA NA -0.272748977955767 1.92050476674731
"439" 439 6.58276020259051 23.0032264273923 1 NA NA 2.74494869956903 2.17085121144455
"440" 440 5.63577171534947 20.0776907115673 1 NA NA -0.43108890694564 3.46953543619541
"441" 441 4.55253800648669 23.606162298556 1 NA NA 1.51877995567975 1.32976496484692
"442" 442 9.90659951597779 22.4818156232397 1 NA NA 0.449794477588645 2.65127040119963
"443" 443 9.19142093622431 17.3541001157875 1 NA NA 0.731202366826291 3.30603511008718
"444" 444 5.52836254173206 19.9111626761455 1 NA NA 0.707311689938687 2.59256770701069
"445" 445 6.39303732499135 20.3009772446296 1 NA NA -0.727942405486259 3.47088913161977
"446" 446 9.7169374988175 22.5674687012222 1 NA NA -0.855850296230018 3.45587682069861
"447" 447 6.83954340284193 24.8737957685012 1 NA NA 0.304242430120932 2.0779688456939
"448" 448 7.35263366857289 21.1564279087302 1 NA NA -2.72712008408566 2.06392848154399
"449" 449 6.78154673084608 17.218155408068 1 NA NA 0.133230124695893 4.02926788715908
"450" 450 6.55694130416885 19.8104833808106 1 NA NA -1.3550930668275 3.57077842320642
"451" 451 2.99548204894292 18.8846096774532 1 NA NA -0.630056192443332 2.68534600182806
"452" 452 7.91455659907019 20.0034382009763 1 NA NA 0.0471402288199738 2.98544130762485
"453" 453 6.37680766181699 21.0745708653959 1 NA NA -0.6372303762523 2.2658722196471
"454" 454 7.80979366124093 24.2204752925746 1 NA NA -0.444336958642332 1.86869989196117
"455" 455 6.82385877259145 18.1846824997253 1 NA NA -2.20036171303647 3.12290552460203
"456" 456 6.29627035080708 23.9588035099609 1 NA NA 0.793019687143231 2.24527629341701
"457" 457 9.17832461124726 20.508534846629 1 NA NA 0.58133723401884 3.02604198468139
"458" 458 3.99855107427158 23.38076966844 1 NA NA 0.243590955649597 1.51258322470415
"459" 459 3.99944723397089 21.1684921220833 1 NA NA 1.19428802913955 1.60473003089047
"460" 460 5.32456307187789 19.4847086132524 1 NA NA -1.79709868290726 3.3945017911693
"461" 461 4.15523734821557 22.8675212950394 1 NA NA 0.396654187536477 2.05285541678486
"462" 462 6.64665989264964 20.2227625442982 1 NA NA 0.588783579765362 3.2828983024033
"463" 463 4.04134299150838 22.1801078571165 1 NA NA -1.62284117152709 1.27677249998175
"464" 464 4.52509240575837 19.0415553637845 1 NA NA 1.28570178305614 1.97868280342694
"465" 465 6.0932429337635 20.434922236489 1 NA NA 2.92165917917536 2.93766424963393
"466" 466 9.5347714677374 22.3178498521206 1 NA NA 0.872970652801229 2.45685377131077
"467" 467 9.15612208881932 20.0004012870263 1 NA NA -0.290938149249302 3.09745474205148
"468" 468 1.03503892431822 18.2404277416323 1 NA NA 1.73932013021109 1.5147722581008
"469" 469 6.82812177131731 20.5494695685214 1 NA NA -0.216232317772554 2.39953631515989
"470" 470 5.86508134804115 20.4486741858966 1 NA NA -0.848732048044303 3.13348488292959
"471" 471 5.82167469418084 18.9300715357785 1 NA NA -0.582252067524401 2.91961778673376
"472" 472 6.89442157753152 19.0720853249053 1 NA NA -0.00421297411913647 2.40840288091854
"473" 473 7.45324241923071 21.0835353757599 1 NA NA 0.276738872719871 2.57135969091528
"474" 474 6.1973576242986 23.3269141695198 1 NA NA 2.05887155632389 2.43054638812419
"475" 475 12.5850035000923 22.2981465057625 1 NA NA -0.204977496014476 1.56268626340882
"476" 476 5.6481148243311 22.7932581736364 1 NA NA 1.65213577336476 1.88988809066714
"477" 477 1.05959353507209 17.1759899060337 1 NA NA -1.97912910972821 1.7452328032822
"478" 478 9.55786714076065 19.0324700810516 1 NA NA 0.326915439907597 1.53286930050606
"479" 479 9.21979282881453 21.0577113048548 1 NA NA -1.33065980002785 2.26235248143327
"480" 480 3.22891244769874 15.3329745833692 1 NA NA 0.497668757510592 2.95232249311476
"481" 481 9.26853865751624 22.2484520177807 2 NA NA 0.0210392456822517 3.22319675898049
"482" 482 9.38073781620687 23.3035707702506 2 NA NA -0.73808315055904 3.57093493172555
"483" 483 5.20364332128972 23.9355091631937 2 NA NA 1.11889436576692 1.25343756476935
"484" 484 7.11691652570391 22.81282659366 2 NA NA 0.655295266254638 2.98894748145352
"485" 485 8.09186845243715 21.6204105202653 2 NA NA 2.06814269657723 3.3930143444066
"486" 486 7.15969047796152 21.9256877415323 2 NA NA -0.75867414667341 2.55831692132323
"487" 487 8.38791271889848 23.7573896383951 2 NA NA -0.117686547591201 2.45321162500451
"488" 488 8.28533967915071 22.1285210322647 2 NA NA 0.351296647904323 2.10004672659183
"489" 489 7.16591415328079 17.3754600048383 2 NA NA 0.364681029052458 3.64959056141413
"490" 490 9.9346084262837 24.5352039135712 2 NA NA -0.767066165979433 2.79600235944196
"491" 491 8.98839615997947 22.6241128393849 2 NA NA 0.626634708582656 2.56631108675593
"492" 492 10.0129434686578 24.9389091188527 2 NA NA -0.515255931901937 3.1930266617175
"493" 493 8.6703861790867 20.6299229302402 2 NA NA -0.888333907506589 3.32723880616265
"494" 494 6.78629307623444 24.3094952815373 2 NA NA -0.461876214728921 1.3205428687419
"495" 495 6.62616635512323 16.4830000936859 2 NA NA -2.01040324454906 3.54862083679908
"496" 496 6.18064608857679 21.6591382829836 2 NA NA 0.358923839346697 2.13585590140269
"497" 497 7.21830068253293 22.1017723342831 2 NA NA 2.20631376469707 2.86268333679763
"498" 498 9.45488524141086 19.6774920932241 2 NA NA -2.03107256929191 1.83585581335498
"499" 499 5.6740689369574 23.3681442243533 2 NA NA 1.26305302616155 1.91117227582439
"500" 500 5.68706818467072 19.7212950932939 2 NA NA -0.533842188696933 3.78470194064687
"1" 1 7.89429667983338 21.1453496086274 1 481 401 1.34402278894872 3.51950725225504
"2" 2 6.33713857094674 21.8341015267417 2 481 401 -0.646040554121532 2.85058673907177
"3" 3 7.90560083321005 20.81656391745 1 481 401 -0.503274038118784 3.08441066598369
"4" 4 6.39247543010241 23.1733337289029 2 481 401 -0.125448618450989 2.3340992571808
"5" 5 10.4737888434688 23.9030700620491 1 481 401 -0.0872166543222837 2.58764342855887
"6" 6 6.98715058467142 24.2104439166444 2 481 402 -0.26957331632916 2.02282553808851
"7" 7 7.2972332912072 24.3906766992067 1 481 402 -0.45256432084798 1.0569860539897
"8" 8 9.46444142978923 23.0661612435445 2 481 402 -0.522436177538001 2.36679295977092
"9" 9 8.64224361430871 23.6417953819219 1 481 402 0.0784467011425955 3.13018209014955
"10" 10 7.14981095703635 19.6735902411757 2 481 402 0.0127394765178304 3.81634881183117
"11" 11 7.09282725979573 21.435201493576 1 481 403 -0.340522712476929 3.23789225806937
"12" 12 7.508868403678 21.2296172163528 2 481 403 0.857612227648495 3.21147459045334
"13" 13 7.2903629037582 23.860111105013 1 481 403 0.416863313889151 2.75272047313856
"14" 14 8.18636615778567 22.0562106322268 2 481 403 0.220378226175233 2.29597375978041
"15" 15 9.07194158477747 23.7903060777455 1 481 403 -0.0695967681277043 2.06374131049866
"16" 16 8.3889775073686 22.724980785168 2 481 404 1.84681265345545 2.85503804139608
"17" 17 4.9519659754942 24.1907442926723 1 481 404 1.55844738121394 1.020048011551
"18" 18 9.4125828730863 20.0811070410556 2 481 404 0.0150405103964019 3.00003852451136
"19" 19 8.63649446568256 23.4229443348859 1 481 404 -0.562363112157084 2.93396132190306
"20" 20 7.70608239759384 26.5205811313402 2 481 404 -0.736519427346521 1.59332624631421
"21" 21 6.02569826541174 19.9084642882967 1 482 405 0.463420078253455 3.33081096027492
"22" 22 8.22958652319477 23.4891311419807 2 482 405 -1.52297743444309 2.59531268295578
"23" 23 5.89287613222769 21.9203072135214 1 482 405 0.262030130178814 2.57565046447117
"24" 24 5.96556662886253 20.3328735747193 2 482 405 1.60759212794296 2.76425808111127
"25" 25 8.96417045023468 23.2201190818012 1 482 405 -0.787912890644149 2.89529114624808
"26" 26 4.81309092249073 21.2698573681559 2 482 406 -1.52354302046943 2.92355009269085
"27" 27 11.1755904141101 19.0362981420811 1 482 406 1.19198492431382 1.69477166962616
"28" 28 3.2750032740291 25.9262766466644 2 482 406 0.00805355695174427 0.656216967440074
"29" 29 7.73420827680757 21.5875772917731 1 482 406 2.4755196244019 2.50128304644408
"30" 30 6.04055624211873 22.632626781228 2 482 406 -0.233807940525023 2.38442212719298
"31" 31 8.97788966013729 21.4939965208155 1 482 407 0.266464788627052 2.59235792763167
"32" 32 5.93736119097316 25.1608993338518 2 482 407 -0.239619845479572 1.49729920720167
"33" 33 7.13888965733385 22.6395742389582 1 482 407 1.18624880738882 2.45939644287076
"34" 34 3.46685159832155 22.7721491071021 2 482 407 -0.476830644893081 0.95268319724536
"35" 35 5.31551623658583 22.5791891392758 1 482 407 0.461658394121715 2.21972613815152
"36" 36 6.99482388767816 23.5012454661212 2 482 408 2.04436922868138 2.21945426448178
"37" 37 6.53842827206401 23.8253262403442 1 482 408 0.262943558399358 1.61949886368963
"38" 38 9.89120173767037 23.0967191863612 2 482 408 -0.864278735623426 2.23239573216334
"39" 39 6.13760770816487 21.8235775343672 1 482 408 -0.0359717173210856 1.28355207533018
"40" 40 10.7072666421424 25.9370780723888 2 482 408 -0.782440584134012 2.9127105932089
"41" 41 5.28589541675531 18.6673670746678 1 483 409 0.541548162142811 4.07436757547795
"42" 42 3.97370010779105 19.4282401156949 2 483 409 -0.187655433008484 2.83889460629108
"43" 43 6.16924847137051 20.6626438161456 1 483 409 0.641345064919752 3.23808398257211
"44" 44 5.29771684517902 17.7528437349467 2 483 409 -0.111260241718844 3.18892801475462
"45" 45 10.6749341167342 21.3763202757532 1 483 409 -0.190438023070442 1.54964099486771
"46" 46 7.14615252901817 20.9776959834256 2 483 410 0.54175960033464 3.06609395009196
"47" 47 7.15708244633289 19.1366359528797 1 483 410 0.736033725796266 2.98767119274821
"48" 48 6.73482408805433 19.6485804664672 2 483 410 1.75139658441948 2.49191430037503
"49" 49 11.1199480719773 23.8368832116506 1 483 410 1.69467980102095 2.9966479261406
"50" 50 6.94004754956387 19.7904776858982 2 483 410 2.03170136106038 2.36019440199715
"51" 51 7.4630796843453 21.8318880900652 1 483 411 1.29477687660272 2.75329385407417
"52" 52 7.5209768512964 22.793924897617 2 483 411 0.448832102333478 2.50811776849524
"53" 53 9.8990881216979 19.7219959370323 1 483 411 0.098832207487875 2.22825053452396
"54" 54 8.40700186018655 20.2237244729471 2 483 411 0.243709322371612 2.73036154503051
"55" 55 7.35299953883182 19.9995503562689 1 483 411 -1.51159529217584 3.53138135680902
"56" 56 5.76852073380069 20.6038716100615 2 483 412 -0.103492987854234 3.32225231047393
"57" 57 8.80042901771011 21.0378706527238 1 483 412 0.438347991908743 2.25407965266947
"58" 58 8.37982024972706 20.9024657671147 2 483 412 -0.454174091039038 2.84782367526242
"59" 59 5.63741080752977 21.741124812641 1 483 412 0.663461160459167 2.26980519482295
"60" 60 6.36311327475342 22.4360022640479 2 483 412 -0.878799707348167 2.66093788449335
"61" 61 8.67408927784799 21.4871515723829 1 484 413 -0.692811823817075 3.08369561177218
"62" 62 10.6885225522083 22.2097842571181 2 484 413 -0.87601608214857 2.19069967705727
"63" 63 5.75052066336394 22.8200225854187 1 484 413 -0.238899519728622 1.84375719402223
"64" 64 8.88404628287806 24.7770099364291 2 484 413 0.270966400089646 2.83508177720418
"65" 65 5.16640758586156 22.7000318847211 1 484 413 0.834293382789817 1.46002416292901
"66" 66 7.74245411781392 19.9574066721211 2 484 414 -0.253240065091751 3.1744319283449
"67" 67 9.00805711282269 18.3223672778543 1 484 414 1.06795342852449 2.78821997811413
"68" 68 5.67882472203287 19.3292776749506 2 484 414 -0.500788577918742 2.99473744859274
"69" 69 5.64495262912395 20.611914353387 1 484 414 -0.173286619072067 2.0078147565286
"70" 70 6.40200957322664 21.9672526028004 2 484 414 0.310572228870594 2.94370110289016
"71" 71 4.22585642807132 18.0954626963898 1 484 415 0.647393928123754 3.12390124299688
"72" 72 1.83776126358442 22.5649189346617 2 484 415 0.949391814749935 1.26432407099259
"73" 73 5.44891736872041 22.22352803779 1 484 415 -0.427129808949552 2.44889220711211
"74" 74 8.12763102099089 20.8911690651462 2 484 415 -1.81249525392632 2.24224744645439
"75" 75 7.11857037558056 23.8360492104576 1 484 415 0.160727360157694 2.37544109156077
"76" 76 8.02095558437623 19.3071613531474 2 484 416 -1.09159789826592 2.37640486272795
"77" 77 4.40286124206154 20.3854386162525 1 484 416 0.733970757069639 1.7904137857739
"78" 78 1.39017221494043 15.6706058601092 2 484 416 0.336910496600822 3.03453676022794
"79" 79 6.37297960604567 15.7175418366332 1 484 416 -1.90418095048693 3.86388213235768
"80" 80 8.34375047557192 22.1344897792369 2 484 416 -2.08569843336889 2.93796893260388
"81" 81 8.67275894103069 19.7800946611263 1 485 417 -0.105729324816779 2.61628282109896
"82" 82 9.71160348955236 24.504107057603 2 485 417 1.18627622799659 2.35551094581287
"83" 83 8.33667102605983 22.4352503678355 1 485 417 0.0274322092103169 2.57155401114215
"84" 84 7.63218315376489 22.9607854827382 2 485 417 1.13914993636484 2.77685255662015
"85" 85 6.82137302215493 22.7076715061163 1 485 417 2.39286545939814 2.05224239591223
"86" 86 10.770615316699 20.8006135500721 2 485 418 -0.509432721993779 1.28307314455124
"87" 87 8.4383782266975 18.0895449534724 1 485 418 -1.65016380363818 2.43224975980644
"88" 88 8.70426750962799 19.5734962974964 2 485 418 -0.498987399635046 3.39324537677378
"89" 89 7.13576672960463 20.5678335007082 1 485 418 1.48643109049854 3.29659345368704
"90" 90 3.03023522863174 20.2857171257935 2 485 418 0.402270106804516 1.24169754056684
"91" 91 7.42336777956128 19.4009285514789 1 485 419 1.18410587931276 2.4689354515091
"92" 92 5.16366909454199 22.8681289255017 2 485 419 0.952658046181022 1.91323394268134
"93" 93 6.68225413108257 20.7513838202758 1 485 419 -0.17450962708571 1.83592788556234
"94" 94 8.36899256223981 20.9478800224135 2 485 419 -0.0204015299402469 2.43971582016971
"95" 95 6.44284068993772 18.065781729387 1 485 419 -1.54684836444649 3.46781937967678
"96" 96 5.27118868348069 23.5970064740919 2 485 420 0.200130898911162 1.33030088675624
"97" 97 8.91885474099921 23.3216696406737 1 485 420 2.16555480798796 3.5215455202616
"98" 98 9.04410159939406 22.048915873845 2 485 420 0.56231695507465 2.52021998535902
"99" 99 10.3050342115285 22.2478392049554 1 485 420 -1.73990256891672 2.70420374455974
"100" 100 6.04233864405135 21.2335895159452 2 485 420 0.781105770093738 2.62891706091878
"101" 101 4.58422090155023 22.4701504541155 1 486 421 -0.192685867416739 1.48855726333186
"102" 102 5.56366029785997 19.9616149948437 2 486 421 -2.16740844574266 2.51157488860879
"103" 103 3.52508072370653 22.3976986533818 1 486 421 0.88570542165173 0.684102422416235
"104" 104 3.69354942134693 18.8807247330197 2 486 421 0.0972095739657103 1.23416016438425
"105" 105 3.8811528552814 19.1808847959397 1 486 421 -1.50889939093763 3.07257986757677
"106" 106 5.76732245448414 20.9894358459915 2 486 422 -2.74063849969209 1.86848957134127
"107" 107 7.14578598048639 19.256117111308 1 486 422 0.428049584939233 2.86159605592883
"108" 108 8.94152304217865 21.6748111215824 2 486 422 0.909164941367291 1.9269656492184
"109" 109 5.93157666965893 22.8466882164824 1 486 422 -0.526912850704271 2.26354828880315
"110" 110 6.3454930554749 22.0923755514381 2 486 422 0.116440166133999 2.44536260960362
"111" 111 4.46130213489613 18.1080018070607 1 486 423 -0.527910162650906 4.63524084354602
"112" 112 5.49316289398975 19.3656519900671 2 486 423 -0.228304094946399 3.43890231930513
"113" 113 5.05644703779843 20.904566108695 1 486 423 0.417323072896958 2.61100008709082
"114" 114 4.82819074971195 17.5423944004648 2 486 423 -0.656143401007098 2.88380903986963
"115" 115 5.07453570876603 20.5747430502069 1 486 423 0.396927171437685 2.86342639305513
"116" 116 7.04048401788009 21.3036026197926 2 486 424 -2.02368428779448 2.75684593031985
"117" 117 5.77180738288902 22.4047898058311 1 486 424 -0.0123442626002486 2.93718935274144
"118" 118 6.0595599082749 18.8766649667853 2 486 424 -0.194715775680597 3.20920414876026
"119" 119 8.54879368694475 20.2239835942701 1 486 424 1.47793117110184 2.56122141153246
"120" 120 4.70816052129446 17.51033578512 2 486 424 -0.0827201169667882 2.86867902212947
"121" 121 5.42570971805115 18.4249066213196 1 487 425 1.51175406068603 2.98291912045886
"122" 122 3.62447558492831 18.2064340560239 2 487 425 0.933815979863734 2.97035912687622
"123" 123 6.38651178338606 17.1561224668053 1 487 425 -0.0966030439275875 4.04520650550997
"124" 124 8.47391616100058 21.2692031738829 2 487 425 0.234483158278895 3.3730419408925
"125" 125 8.09291627733968 20.8649133394646 1 487 425 -0.378690092851914 3.73265339907411
"126" 126 10.700131028338 24.4403120841947 2 487 426 0.209313566344439 2.28127827852762
"127" 127 8.19739319997002 21.5848853617971 1 487 426 1.66365599409179 2.82904061365139
"128" 128 8.97197394686958 20.9515878101811 2 487 426 -0.314649640205935 2.77192785316683
"129" 129 7.0068508174265 21.7056023854511 1 487 426 0.758180943178177 2.59293862678028
"130" 130 9.00864353308121 26.6055798197751 2 487 426 -0.712900289424284 1.43484025216571
"131" 131 7.52838475182133 24.3024748361609 1 487 427 0.195254961651923 1.92485433489353
"132" 132 6.80849689183667 21.9877460038449 2 487 427 0.924656591976771 2.61515574806669
"133" 133 4.78114202725383 18.016010698578 1 487 427 1.31822901053006 2.47148727663787
"134" 134 7.88954261417619 18.2379097796422 2 487 427 -0.0252607687824321 2.62186186200645
"135" 135 10.0893305016961 19.1629079462984 1 487 427 0.116669798527755 2.90458450987798
"136" 136 6.25499803794267 23.1508357013003 2 487 428 0.131653907886401 1.1066061995156
"137" 137 7.42510893611211 22.2074004446366 1 487 428 -0.998765342134859 1.79247592081713
"138" 138 10.7316370807127 22.1306156431071 2 487 428 0.797621460399974 2.23244216016623
"139" 139 9.20901730383551 17.9978758089135 1 487 428 -1.06960786096067 3.26889067808531
"140" 140 5.06813090444884 20.7121211559411 2 487 428 1.25868319146477 1.62905273662455
"141" 141 4.99961753645483 21.4582798142857 1 488 429 1.04270022791016 2.08857271965079
"142" 142 7.42790612293395 21.1822299898113 2 488 429 -0.321438245280557 2.58718799529755
"143" 143 4.93784730480982 20.9037519725172 1 488 429 -0.585952377701739 2.38602479825596
"144" 144 8.16537321024231 23.0707126342534 2 488 429 -1.10184838738571 2.4080073819426
"145" 145 7.62307260604789 19.133686842981 1 488 429 -1.6335588078301 3.25299901949392
"146" 146 4.59308282400481 19.9313553979192 2 488 430 -0.0233230250105122 2.87140974166259
"147" 147 5.07992747846533 20.2774958849153 1 488 430 -0.198330364158143 2.67914228174734
"148" 148 6.64041910748162 20.9227870915969 2 488 430 -0.327165141715488 2.64682298321915
"149" 149 8.3659597999526 18.5317210484948 1 488 430 1.41400184403875 3.43835165642373
"150" 150 6.54787713136558 20.9536926384393 2 488 430 0.883578340259522 4.1213343757051
"151" 151 3.9156542628361 24.1688358159796 1 488 431 2.60369320479916 1.34681187695194
"152" 152 7.67655202138344 20.3952536474921 2 488 431 -1.34109942554396 3.53667280038636
"153" 153 4.56654838727626 20.8573728352843 1 488 431 0.398719162416882 2.22045811906096
"154" 154 5.49357286780043 22.7040211379348 2 488 431 -1.4890190205584 1.97403295985386
"155" 155 5.66644568252665 19.5399157349004 1 488 431 -1.02278243796045 3.31707762467556
"156" 156 6.82088894746451 16.9609444790162 2 488 432 -1.14033870311986 3.11864438766921
"157" 157 7.31745883482824 18.8532390018067 1 488 432 0.665267096022999 3.02771972439296
"158" 158 6.652773002469 18.8022872336201 2 488 432 0.730742741048486 2.6730970369578
"159" 159 5.6945516750638 20.6503792093437 1 488 432 1.7649284922703 1.31639421742648
"160" 160 4.39535113906065 20.8993604317308 2 488 432 1.46800047205903 2.35174749788023
"161" 161 4.80917130433395 18.9993872755482 1 489 433 -0.280682831044588 3.48883723298427
"162" 162 3.24989086327696 22.6031667985453 2 489 433 -2.2239919381695 1.79929545249554
"163" 163 6.49864798291788 24.5773703008895 1 489 433 1.12020582961091 2.6955611421759
"164" 164 4.61898878547024 20.9888990166164 2 489 433 -0.474171190952989 1.99202599961814
"165" 165 4.00641855499853 20.8393378627172 1 489 433 0.571054341263041 2.08322403850981
"166" 166 6.94341196836885 20.143300029075 2 489 434 -0.136008719666451 3.208560007162
"167" 167 5.79231532856569 21.2952685287201 1 489 434 -0.0314993744623275 1.65392961109178
"168" 168 6.18914056877638 20.3363909255402 2 489 434 -0.211749316701224 2.72413784933394
"169" 169 3.92053660064555 17.5928963543312 1 489 434 -0.690219310863594 3.59857483813764
"170" 170 7.82365832757791 20.6223570464164 2 489 434 0.755603305462582 3.01889464128169
"171" 171 7.57216654681554 17.9483390972749 1 489 435 -0.237303469529333 3.25897887081234
"172" 172 2.18474935591438 20.6694413399711 2 489 435 0.572857741981561 2.0373645195382
"173" 173 8.88577460445764 21.3815748533402 1 489 435 1.01284185045497 3.05094175313875
"174" 174 4.52230648480381 15.1010142119369 2 489 435 -1.04306863215013 4.01454091156219
"175" 175 3.57877026119589 20.1922585304529 1 489 435 0.815294660576776 2.24900231729037
"176" 176 5.28048633128823 22.7090108461033 2 489 436 -1.14860581725876 1.75391095356482
"177" 177 7.53470179803989 20.0840794663431 1 489 436 1.39234083386884 2.19499877972368
"178" 178 8.37020153337664 24.9631110410825 2 489 436 2.06748287072343 2.48273257844971
"179" 179 4.55114799529604 20.9828778747975 1 489 436 -0.732648492601459 2.26844247796567
"180" 180 6.61177313683363 21.2616516084404 2 489 436 0.672698304023465 2.86641480475956
"181" 181 4.53348189241693 18.1043621100125 1 490 437 -0.622518957812317 3.23911189648059
"182" 182 5.47917915044936 19.5731311046618 2 490 437 0.156385385785062 3.40945085023983
"183" 183 5.05312646975899 19.6624717194087 1 490 437 0.274915180931149 1.71254694413129
"184" 184 8.88427973647295 16.9800592286465 2 490 437 -0.752276474959361 2.83058424953654
"185" 185 4.74106561687824 17.369364615435 1 490 437 0.931148512353547 3.00275776670416
"186" 186 6.75620120221825 22.7517679281284 2 490 438 1.13838969182863 1.91682084084571
"187" 187 7.51113580697262 22.4555115678752 1 490 438 -1.34623895023423 1.98215038690404
"188" 188 9.5445839641058 22.1277110509414 2 490 438 -0.723863299424227 2.97546023812439
"189" 189 5.15804710051514 20.1058683480127 1 490 438 0.366902188684418 2.7131646812221
"190" 190 7.83847966068626 24.3361416894645 2 490 438 0.937685625838378 1.64957676461974
"191" 191 7.88000490430595 20.2111594598198 1 490 439 1.08309973431734 2.52118636117639
"192" 192 8.54459296581352 22.0129644185064 2 490 439 0.624276815303566 2.2381454221799
"193" 193 6.16347370370055 18.8694488156676 1 490 439 -1.48662499888302 3.43294590362912
"194" 194 4.42327946171181 20.6043398554329 2 490 439 -0.968905514215508 2.47655849505217
"195" 195 7.0820993339745 21.2854668441369 1 490 439 0.220519534558473 2.28340597465043
"196" 196 5.8191787938455 19.737987793741 2 490 440 0.349156426629789 2.51145617573786
"197" 197 9.389345831133 21.1600223171219 1 490 440 -0.639890053631659 3.62596617511573
"198" 198 6.20461125871401 24.597458465203 2 490 440 -0.40759922944695 1.47364412048106
"199" 199 5.32665519172534 20.1615524177774 1 490 440 0.494687324228234 3.38837286627626
"200" 200 7.68956565238413 23.6152745661731 2 490 440 -0.861927300325374 2.63848647183834
"201" 201 5.45849995419696 20.4971647549918 1 491 441 0.360926555466854 3.25534751631943
"202" 202 6.12692166458073 21.5119293987128 2 491 441 0.533992421632499 2.40983748256362
"203" 203 5.46734810942738 20.9801354701785 1 491 441 0.369480527041042 1.62994720462359
"204" 204 4.22076638155401 22.2198842727185 2 491 441 0.780900540587478 2.40861639467214
"205" 205 6.57493454763846 19.8289815427874 1 491 441 -0.15632087219781 3.76372049377956
"206" 206 9.50111321851172 21.2346823994342 2 491 442 -0.019017661353607 2.34977572054105
"207" 207 9.94549484498934 25.201527301922 1 491 442 -0.650630578436859 1.92581855715139
"208" 208 9.64021413703168 23.7643374955486 2 491 442 -0.901599205420144 2.23629240299212
"209" 209 7.87095262459016 21.7636064115384 1 491 442 -1.23856014351754 3.59213315605378
"210" 210 6.08404433139955 25.2995527433544 2 491 442 -0.6098634074873 1.61834787303998
"211" 211 5.88538820217201 20.2891445276841 1 491 443 0.782953060175981 2.39235423265229
"212" 212 7.33607671162561 17.9203107062198 2 491 443 -0.220684116260723 2.54324733758696
"213" 213 8.00751745382181 20.9258595405042 1 491 443 -0.713468608499451 3.08087426244489
"214" 214 8.38689374654931 22.6346800395684 2 491 443 0.993709527623078 1.85449765642375
"215" 215 8.74892277190112 26.4302250549297 1 491 443 -0.238454939412928 1.90657622042384
"216" 216 6.36929021433646 20.535335534846 2 491 444 -0.829300386034878 2.75988171720799
"217" 217 6.23802686818457 21.7752409078298 1 491 444 -1.72209278368453 2.42643827363602
"218" 218 9.00203542230276 23.7980823937826 2 491 444 0.107663579549754 2.39609254549989
"219" 219 6.73094601507515 19.6128053348639 1 491 444 0.547736674840939 3.7097542946057
"220" 220 8.62606463793156 25.6059314852208 2 491 444 -0.463423503165628 2.02426564998203
"221" 221 9.41625766384257 22.8251049571008 1 492 445 -1.26787717766978 2.85611267814668
"222" 222 9.11751950210708 22.354059472113 2 492 445 -0.627131696966628 3.11547625745911
"223" 223 8.99419007082079 24.5357452969933 1 492 445 -1.32554336079714 2.40815690498081
"224" 224 9.17596251160609 26.2013570958012 2 492 445 0.0600535318034669 2.19691912474067
"225" 225 6.74533050989242 21.6627452502645 1 492 445 -1.77113854240501 3.74961777479436
"226" 226 9.55205149124899 23.8731889315611 2 492 446 0.27502937355097 3.0567959939769
"227" 227 7.50398289809695 23.2191240795742 1 492 446 0.761980149120126 1.84128359263982
"228" 228 8.76702854170979 23.8292215387739 2 492 446 1.60607261063318 3.26967241310705
"229" 229 8.59434034057181 22.8626022017398 1 492 446 -0.954723173814545 2.31639937554361
"230" 230 8.10792876051097 24.8321970248211 2 492 446 0.352639756522125 0.979356034372861
"231" 231 7.20392826166181 23.9795006231173 1 492 447 -0.0892459467213438 2.43905305811654
"232" 232 4.19804821043402 24.6229974523293 2 492 447 -1.05732951339898 0.486809587749136
"233" 233 9.94461999695088 21.3771352040258 1 492 447 -0.114853530833252 1.25864553860939
"234" 234 8.84090844307439 25.9588050966283 2 492 447 -0.45006530308171 1.06133352409928
"235" 235 8.22380055216035 25.7377705278987 1 492 447 1.53312025410268 1.8832373846283
"236" 236 7.04609321240058 21.0577520809429 2 492 448 -0.467875832802143 1.82981510135722
"237" 237 9.06094832981957 24.6813459306211 1 492 448 1.05943955750453 3.62201391165733
"238" 238 8.15620124522749 20.9807381355254 2 492 448 0.784185207613864 2.20626759483232
"239" 239 7.25625966652338 24.3469080336134 1 492 448 1.01434387912521 2.34754563102762
"240" 240 5.47983779056162 22.5846876035765 2 492 448 -1.06003470355901 1.60468236390619
"241" 241 8.74447553097725 23.5147310748715 1 493 449 1.35425558273373 2.89406734636167
"242" 242 7.57478229655972 20.6918978092683 2 493 449 1.54234676779982 2.84535269608123
"243" 243 7.70076883468716 20.1755204321796 1 493 449 -0.490845277577821 3.90222956886345
"244" 244 7.11287008584502 22.2396519407167 2 493 449 -0.304051227858856 2.26022888917652
"245" 245 9.16062806726147 23.4885059987525 1 493 449 -0.323654299870853 2.53819907716773
"246" 246 9.19131079464838 21.3231720609881 2 493 450 -0.850343925537983 2.50393023391618
"247" 247 6.26202377204655 19.2029672935196 1 493 450 -0.442082144202957 3.25166435000009
"248" 248 9.01898095612839 19.0764853577262 2 493 450 -0.643579963697713 3.25428124572703
"249" 249 4.09952840663412 19.589724155836 1 493 450 -0.498315422215227 3.50836763062396
"250" 250 9.16782451063728 24.3948773493825 2 493 450 0.919077455827408 2.02225311580856
"251" 251 2.88514727874775 16.6556555038952 1 493 451 0.793809475621042 2.70427776720783
"252" 252 5.97176115599915 24.0346586367319 2 493 451 0.773310011392268 1.19277044215309
"253" 253 3.26136063076653 19.3320676489685 1 493 451 0.183437528847091 2.48482755026054
"254" 254 6.31154164167387 18.6530576308265 2 493 451 0.550564934848882 3.02139184659057
"255" 255 9.27034398465295 22.393150234096 1 493 451 -1.70759391134249 2.45171315869046
"256" 256 7.11825114782931 22.1842829698524 2 493 452 -1.24330346530724 3.71542793516159
"257" 257 7.66149336747035 22.5853333929487 1 493 452 0.908753293707325 3.25998648621295
"258" 258 7.83766583767511 20.1661313471938 2 493 452 0.289647093731777 3.32424252548954
"259" 259 5.79469296019029 18.8880043774073 1 493 452 -0.0203756996326295 3.26837105399398
"260" 260 6.68486966969044 21.5681344706804 2 493 452 0.404394117229159 2.70026481105148
"261" 261 7.69996636959408 22.3644538002254 1 494 453 2.03014478452808 2.55145196878199
"262" 262 6.21849280881938 25.4960274993825 2 494 453 -0.630636568588569 0.830553047378066
"263" 263 2.57697648557052 19.6425604423775 1 494 453 -0.713727659047182 0.875033758046218
"264" 264 6.14975031595797 20.9432872857126 2 494 453 -1.4859656634186 2.56918386996938
"265" 265 8.88575705579243 24.3737872031977 1 494 453 -0.0249524065725692 2.16266977994738
"266" 266 6.35372953717738 29.095884593986 2 494 454 0.813752308846973 0.975827537811806
"267" 267 7.12731623620527 23.3345773969274 1 494 454 1.45155593849811 2.91816342412635
"268" 268 9.02494955759425 27.1949369236151 2 494 454 -0.333946744012073 3.10113077642122
"269" 269 10.1861450219963 20.7629927837517 1 494 454 -0.305140774848917 3.75432413064695
"270" 270 6.28175611735126 23.2387929417967 2 494 454 0.260078807871352 2.99041812113014
"271" 271 8.1655610130193 23.7429367892275 1 494 455 -0.153831995474436 3.11413906447335
"272" 272 5.74016728333479 20.1448413147943 2 494 455 -0.351066478570839 1.91115067144227
"273" 273 7.71927258084734 21.3748707558967 1 494 455 0.59598402082193 2.47465084406747
"274" 274 5.10905190983104 23.8799843972651 2 494 455 0.561963433897372 1.31404748167982
"275" 275 7.34661784629562 20.0223497900599 1 494 455 -0.0722311951221738 2.67876115204813
"276" 276 9.8893188455223 23.3410150111436 2 494 456 0.990938779033074 2.24980716000526
"277" 277 8.53990120285185 20.6745815269219 1 494 456 -2.95438548299917 3.30508767692526
"278" 278 6.57785079359632 22.1267918073792 2 494 456 -0.861068443507958 2.38618552354043
"279" 279 7.74892539459645 21.1344364853003 1 494 456 -0.700628875930941 2.89537614220225
"280" 280 10.5569689745313 20.9731631714898 2 494 456 0.370421638119054 3.40479652963612
"281" 281 4.9374386133699 20.9526094426721 1 495 457 -0.251951142327132 3.00399691289027
"282" 282 6.19747625574152 19.8214238356934 2 495 457 -0.570026274965348 2.89594154723594
"283" 283 6.02093596831283 20.5071705136843 1 495 457 0.856498866887067 2.30780841972457
"284" 284 9.42876538352168 18.3425467817301 2 495 457 0.0191714306295989 2.21368477226729
"285" 285 7.20777772199775 21.8325382925455 1 495 457 0.621324546442125 3.13560831448148
"286" 286 6.73013164673462 18.7024314343488 2 495 458 0.230040079007196 3.20700832741149
"287" 287 4.66203343404285 17.9157172396823 1 495 458 0.531556369292213 3.24518605550862
"288" 288 5.30550669055944 22.4450667766489 2 495 458 -0.403622983818637 1.62156537571029
"289" 289 5.31584527315427 19.8646393127607 1 495 458 0.00961900990783402 2.76204166721414
"290" 290 8.89316707810824 20.492446725583 2 495 458 -0.149745084361192 2.1793058595541
"291" 291 2.94671384148118 20.6493982022293 1 495 459 0.491161877323102 2.11363784140928
"292" 292 3.48499022295971 21.9670170572107 2 495 459 0.251871371448513 1.29488059690628
"293" 293 5.41693634553189 18.0195349232817 1 495 459 -1.50194370984448 2.62086707415648
"294" 294 4.73563833617172 20.3296967658667 2 495 459 -1.11374380786648 3.28622424200106
"295" 295 3.42457765241079 16.7133488671407 1 495 459 0.1061644419814 2.56934569455822
"296" 296 5.92696798746488 19.3737443891195 2 495 460 1.04016346133687 2.82750223971324
"297" 297 3.74192519324258 21.0788646558712 1 495 460 -0.438038528238704 1.68493320173255
"298" 298 7.72308152182138 22.0537709213481 2 495 460 -1.34301224083673 2.85878610190816
"299" 299 8.55895059217693 24.1769130367027 1 495 460 -1.3769230355242 2.21145009187455
"300" 300 8.03192086624946 19.0031236234756 2 495 460 -1.39794010787244 2.33830565529777
"301" 301 8.97649518158314 23.8160545701687 1 496 461 -0.593642024378113 3.12510012299724
"302" 302 8.59152031574578 23.4527581773785 2 496 461 -1.12379381691871 1.70359131725282
"303" 303 8.61204142445268 20.9514808551455 1 496 461 -0.119700919812683 2.912639471014
"304" 304 6.71018252088642 20.0333747254244 2 496 461 0.934990130155442 3.20930597162282
"305" 305 9.6562808951799 22.7593433200178 1 496 461 -0.469829119336706 2.85468228555254
"306" 306 7.27028826600594 19.7705185531887 2 496 462 0.636349971679211 2.92531018063003
"307" 307 8.2377994773094 22.6456891441311 1 496 462 1.12302277158653 3.22911697654245
"308" 308 7.63258403348783 22.2275957545382 2 496 462 0.267093163429894 1.90800388969412
"309" 309 1.8915658990461 22.4141885127948 1 496 462 0.378380637096837 0.05165996000449
"310" 310 6.48635270791868 21.6291182128548 2 496 462 -0.641150442326794 3.21987988547683
"311" 311 5.59921539428619 21.2625037042005 1 496 463 -0.295176970788144 2.30600595381769
"312" 312 9.3046136794411 22.251802850914 2 496 463 0.962022227190781 1.41673645385824
"313" 313 6.26165523632806 22.0309701679045 1 496 463 -0.653726493575741 3.03856788034866
"314" 314 7.71098312843995 24.0961060007851 2 496 463 -0.295598815595346 1.77026060471275
"315" 315 6.01114981304164 17.4824010914342 1 496 463 2.07826161679661 3.09952222323554
"316" 316 5.07780539918659 22.7926632718378 2 496 464 0.992623117132153 2.82838623933024
"317" 317 4.85255803524766 22.4652634154361 1 496 464 0.240490378878345 1.54977854139839
"318" 318 6.74654575864382 22.9537498460251 2 496 464 -0.0746337096955131 2.71133139882848
"319" 319 6.48554676838154 21.7913716782081 1 496 464 2.56333251536882 2.67521182599745
"320" 320 4.35536952472627 18.5152260245752 2 496 464 -1.63112193784192 3.04932487074898
"321" 321 6.3400861292014 18.48486702605 1 497 465 0.0622258421801517 3.18333021565656
"322" 322 3.37548687926545 17.5555467321177 2 497 465 -0.716462926560296 3.3752497696187
"323" 323 4.98269323572805 18.2005107148092 1 497 465 -1.77785521106693 3.04571140379688
"324" 324 6.38632447316724 22.0359082602002 2 497 465 1.25734760471672 2.36585331601347
"325" 325 3.56952337319389 19.9503442758635 1 497 465 1.68042594703733 2.80095027313666
"326" 326 8.42470505742442 23.9275501693695 2 497 466 -2.438986500347 2.34010580431504
"327" 327 7.63576239195499 21.8495592260512 1 497 466 -0.4675014800974 2.74769092093457
"328" 328 10.3554488584111 24.7924420925058 2 497 466 -0.178932914592491 2.66812214077753
"329" 329 4.77529803287767 20.5359397004776 1 497 466 0.544127538991994 2.86240752703109
"330" 330 8.24887183789206 25.7047456280466 2 497 466 1.14993161975689 1.52257435011564
"331" 331 7.6338656027554 21.4771917999518 1 497 467 1.44290970840109 2.25243937937641
"332" 332 4.5917482693294 23.4431857339448 2 497 467 -0.231669312125793 2.49381850558773
"333" 333 7.25524380602544 20.07371898061 1 497 467 0.118466995410012 3.19485534007363
"334" 334 7.29572869760873 18.8935028462206 2 497 467 -0.0214492575028239 3.65334898462813
"335" 335 10.2461688389056 23.0906045054472 1 497 467 0.707424889554559 1.85502262079315
"336" 336 5.64146224555554 19.8006700817608 2 497 468 -1.08942218347145 3.40281994805152
"337" 337 5.12728158950603 24.098966491638 1 497 468 1.10718541391048 1.2646693903197
"338" 338 6.90676769458574 23.1140945698114 2 497 468 0.451801530343538 1.51063866748687
"339" 339 5.7435991837415 18.3122604733826 1 497 468 0.199367924181612 2.05877317048962
"340" 340 7.83926272290778 20.1707549264996 2 497 468 0.534535731492232 2.61245614200149
"341" 341 4.5365255561468 20.2209465607728 1 498 469 -1.24966649998834 1.10973128711145
"342" 342 6.46939212459812 22.0492188538045 2 498 469 -1.31251775667123 2.8024737768175
"343" 343 5.77673876068979 19.8849821687425 1 498 469 0.0897335960276429 3.27172366493477
"344" 344 5.7394102131836 21.6683447986952 2 498 469 -0.601203026356155 1.57431831642385
"345" 345 3.44047221287969 22.8588272933744 1 498 469 0.574089357223513 1.30479758349355
"346" 346 7.63909037733088 24.3632280644017 2 498 470 0.869856274739312 2.03829340990797
"347" 347 9.41791627682095 23.9533203339497 1 498 470 -1.47893907505341 2.85749353572316
"348" 348 7.30289346593017 23.6320253996037 2 498 470 0.388088279661507 3.14187763536886
"349" 349 8.89057145688037 19.8884970062811 1 498 470 -0.0731429543696968 3.70491895220972
"350" 350 3.01301775797512 20.3422206826287 2 498 470 -0.291759738652904 2.72947213641346
"351" 351 6.77525543856144 23.9848610067059 1 498 471 -0.521305909565491 1.8562017020856
"352" 352 8.61714891494234 22.8003547241943 2 498 471 -1.20729217905978 2.72047122358451
"353" 353 10.0388426314805 22.0578879034305 1 498 471 -1.00204175236288 2.16585857543295
"354" 354 7.3974978607252 22.1361859519444 2 498 471 0.347939290581932 3.5108886144219
"355" 355 7.67285183170528 16.7267682579062 1 498 471 -1.73295947818479 3.5169654579095
"356" 356 8.91343198249893 23.2370466906658 2 498 472 0.0183379343294341 2.15684525441025
"357" 357 7.14557868837537 22.5977491315765 1 498 472 1.07906965194491 2.31354328061275
"358" 358 7.43551886238699 20.971256807333 2 498 472 -0.820064902895459 3.00152605107021
"359" 359 5.80187427894352 21.9019073492981 1 498 472 1.65719753538202 2.09275730181805
"360" 360 6.83706493239301 22.2473595574172 2 498 472 1.26330552500449 2.77976959926988
"361" 361 7.22650800190191 21.9999801612416 1 499 473 -1.04978489063111 3.07400651899689
"362" 362 6.78089771534507 21.3322435233993 2 499 473 1.9244836579347 3.16601877742107
"363" 363 8.52261720625825 19.2721114017888 1 499 473 0.0458748827609971 3.25138926978225
"364" 364 10.3430855737571 20.5957030269806 2 499 473 -0.660000924108073 2.20116244222305
"365" 365 7.12395082548223 21.1153692945822 1 499 473 1.558631461967 2.13733237299164
"366" 366 7.59724696504597 26.3374908254341 2 499 474 -0.542516222255457 2.36176515770897
"367" 367 7.14545737780119 22.0479828056003 1 499 474 0.755418406756597 2.10649482804648
"368" 368 9.22732463637914 25.4864887343544 2 499 474 1.2656166763835 2.27637997383837
"369" 369 9.5597823243899 24.1719518654916 1 499 474 0.293508512352649 3.552401739111
"370" 370 9.06393621612108 27.0624259311724 2 499 474 0.472152510280466 1.94940571611716
"371" 371 7.59268949463509 19.2314512242082 1 499 475 -1.18173224202101 2.9376723897382
"372" 372 6.74627795941227 22.5497791829062 2 499 475 -0.420762090625176 2.2635346267474
"373" 373 5.31266134565617 21.6123731095733 1 499 475 1.51405992125582 2.29442017781792
"374" 374 8.8879425454706 27.0965618245467 2 499 475 0.994033389294768 2.12947025055114
"375" 375 9.03078305941666 20.7912410314009 1 499 475 0.0747385559286967 3.63024689447292
"376" 376 9.18282236255942 25.5733199344933 2 499 476 -0.331074468009354 2.40850466797052
"377" 377 9.00894939488136 23.2592390590774 1 499 476 0.472074644821759 2.69846216820687
"378" 378 9.15090217665308 24.6239829997748 2 499 476 -1.53348437045983 3.03052467455089
"379" 379 8.83428411001772 22.2921809200754 1 499 476 0.74099502724378 2.71672253748318
"380" 380 8.35796436670572 30.160203027037 2 499 476 -0.0804030003440877 1.43461777238866
"381" 381 4.4240901976714 20.013196661942 1 500 477 0.653149279488185 2.41002325017873
"382" 382 4.74624123857086 18.5820627120732 2 500 477 -0.549893119295859 4.15103100743131
"383" 383 0.875025354073755 17.4838073012235 1 500 477 -0.619070975449434 2.13266708510931
"384" 384 5.72524886905042 17.9222026316069 2 500 477 -2.79120265261325 3.16670005330418
"385" 385 2.98863210437704 13.5259521066876 1 500 477 -1.04461426296504 3.65886459659073
"386" 386 6.18857656238929 21.6270692984677 2 500 478 0.802009995484578 2.55661044655723
"387" 387 7.1443837790294 21.3867539137133 1 500 478 -0.901132747836254 2.34653813011434
"388" 388 5.65290529702382 20.7495422151313 2 500 478 -0.623796061496599 2.60816529317228
"389" 389 3.08814090178871 18.579020767438 1 500 478 0.0119887293153576 2.39533090270266
"390" 390 4.96311355416696 20.0182510853988 2 500 478 -0.50939585955759 2.58135350795262
"391" 391 6.22056152748512 19.6846385366281 1 500 479 -0.651713616647844 3.49583505576949
"392" 392 7.30102301953193 18.608956549428 2 500 479 -0.127961911235673 2.73034419647252
"393" 393 4.40797150994644 20.8834274723201 1 500 479 0.741741303541602 2.18972231697449
"394" 394 4.12156326225275 17.0827850397974 2 500 479 -1.89506938856015 4.33926821729624
"395" 395 4.62938113244944 21.1585346153464 1 500 479 -0.163898206438151 2.18075128211651
"396" 396 2.94513040369303 18.8025012602914 2 500 480 -0.110263080531768 2.54260299468156
"397" 397 2.93682007957593 16.3609470023889 1 500 480 0.816790078261836 3.05293620875553
"398" 398 2.86507048107863 19.6679240359608 2 500 480 0.209784526316073 3.43508610952501
"399" 399 2.61799801642176 16.6181238959466 1 500 480 -0.891810410841026 2.92892474372604
"400" 400 4.38988450517561 14.8934623745016 2 500 480 -0.387937043971202 3.48797185068613
